0.60210671	0.150290893	0.220712534	0.928177102	0.06477221	0.629665068
0.8457182	0.116665879	0.084166308	0.942774091	0.121860041	0.90517781
0.515247877	0.237250274	0.612392908	0.642935453	0.948998558	0.953546619
0.630549898	0.165850274	0.963657961	0.891889666	0.558698869	0.873274571
0.752039757	0.014621304	0.072330935	0.9302236	0.78592966	0.287389204
0.260916257	0.509226946	0.343680006	0.455386026	0.318889993	0.955373816
0.440180547	0.928801413	0.639154513	0.967623297	0.427948186	0.405581082
0.459845031	0.843746557	0.456905263	0.855404665	0.948084465	0.420851059
0.266066596	0.526912037	0.743063128	0.360450956	0.551019912	0.938100322
0.437149825	0.359198998	0.032953339	0.761362601	0.801222831	0.688187781
0.588996927	0.528586725	0.050636737	0.631667245	0.905067316	0.060621354
0.546877841	0.56859425	0.608257176	0.157789913	0.033066372	0.066079905
0.444573455	0.803986794	0.113022645	0.249809303	0.864288036	0.535385294
0.499362321	0.521021274	0.496717069	0.252685722	0.971079155	0.043206683
0.47461104	0.731660409	0.675769837	0.219939997	0.765874446	0.987719713
0.487974874	0.034130336	0.630323819	0.846329831	0.461504039	0.856541768
0.465354222	0.297170212	0.933561666	0.2878387	0.921512447	0.389521743
0.480203051	0.087398201	0.600932988	0.156616363	0.094378868	0.390714914
0.625283005	0.371714121	0.056915348	0.818867542	0.107328101	0.881089219
0.313252998	0.566380759	0.268064983	0.966519459	0.589375002	0.672947388
0.340225264	0.736118885	0.678179224	0.471380689	0.984643094	0.364013921
0.511030442	0.787658711	1	0.289459335	0.839188333	0.371100598
0.340892984	0.171313619	0.555503887	0.846678866	0.19445892	0.631713457
0.386964618	0.854060993	0.392664223	0.049130383	0.594993711	0.314877638
0.316492714	0.773357187	0.626473252	0.308895098	0.934943133	0.546201428
0.425437483	0.299162071	0.936601384	0.925288675	0.57120734	0.596163975
0.073857382	0.37059498	0.549483346	0.461940196	0.348934209	0.290365705
0.388287598	0.508008446	0.073334954	0.163709177	0.607865668	0.219868033
0.081535492	0.323048327	0.471829302	0.355349542	0.508221213	0.703019892
0.472032885	0.989871652	0.104890074	0.294065701	0.588702558	0.636710595
0.395045949	0.781874767	0.452841386	0.039733869	0.775949571	0.352846173
0.127768591	0.503914935	0.503351747	0.27218067	0.713926886	0.299938335
0.086814916	0.381195684	0.232891823	0.440021252	0.584258636	0.545307087
0.412043816	0.991843087	0.800435491	0.685139286	0.618561656	0.324938222
0.540447806	0.378659668	0.362685297	0.917814302	0.994981892	0.778450043
0.412089214	0.865193893	0.685486646	0.618691589	0.703081931	0.934455503
0.658745705	0.957283372	0.93609475	0.018711024	0.544646128	0.622994566
0.398531387	0.197852392	0.717655302	0.269944086	0.318903714	0.918578124
0.31083397	0.6948307	0.844440377	0.47363666	0.146726576	0.688705426
0.297947197	0.156406591	0.829004623	0.252231427	0.422780203	0.402881574
0.697350194	0.030358504	0.950188581	0.21923774	0.913886253	0.394276706
0.348830045	0.856526697	0.786934363	0.652207043	0.747648308	0.740385127
0.170467624	0.616499615	0.362693833	0.704169773	0.74387288	0.289736952
0.473563927	0.140758103	0.61859199	0.13955902	0.199016466	0.176106726
0.684324999	0.096626382	0.116877941	0.083156885	0.876727297	0.297745082
0.026108864	0.370002234	0.586371367	0.457258348	0.586342144	0.410285141
0.351173645	0.65816465	0.978094653	0.25454413	0.650077979	0.642473927
0.133121399	0.310987917	0.203105143	0.462369347	0.604085948	0.578567715
0.176514622	0.629545414	0.553560193	0.146781627	0.350466332	0.636065736
0.381461097	0.275008856	0.457954849	0.999294308	0.284085421	0.677094941
0.244483102	0.271362036	0.111379508	0.576865384	0.585391868	0.32181163
0.548716179	0.286485627	0.841272283	0.560516021	0.979011262	0.116140753
0.180349002	0.273463358	0.404487267	0.491453865	0.389457218	0.840999146
0.553692471	0.109866419	0.197454025	0.751988811	0.598788581	0.0248598
0.572134759	0.143829533	0.911177908	0.248792018	0.374358533	0.938893826
0.472614697	0.773311488	0.457815208	0.832849717	0.795770125	0.062483745
0.484991437	0.091482138	0.330435126	0.311835799	0.746002	0.069248081
0.382552354	0.310202803	0.679006141	0.00609984	0.508184439	0.764871982
0.766633597	0.127578997	0.235488081	0.068104962	0.969265718	0.861061858
0.349793176	0.476371599	0.252706149	0.907243026	0.828470696	0.613360978
0.344901319	0.312960784	0.688035731	0.277683627	0.942544304	0.325859352
0.284770434	0.737116913	0.217205782	0.475601746	0.246624279	0.795827977
0.562539096	0.016106816	0.439156367	0.2729954	0.065106139	0.228212868
0.418005749	0.299184881	0.793353983	0.029091712	0.729424925	0.625881105
0.352275676	0.672927171	0.828765136	0.670676949	0.729138909	0.869846355
0.650553319	0.059834591	0.214649749	0.003210491	0.757033667	0.286920287
0.406755183	0.837808047	0.77061381	0.48565693	0.597143363	0.042025614
0.318649453	0.682265733	0.05119973	0.527030543	0.210537415	0.465631591
0.44104498	0.218169989	0.121617438	0.336441872	0.600248565	0.080110609
0.176753401	0.862120249	0.40585418	0.298205642	0.537492953	0.45758206
0.493522777	0.94459423	0.221607725	0.109246149	0.356725923	0.693288919
0.419010095	0.092761287	0.460542527	0.860665258	0.404764425	0.171073471
0.335714881	0.537628264	0.328468329	0.081990075	0.452553944	0.142984494
0.619098372	0.931828292	0.566988271	0.295986823	0.974211477	0.11429486
0.458884303	0.014734799	0.159345907	0.258712062	0.509592715	0.706105433
0.453708867	0.297157226	0.910817278	0.987531526	0.491252496	0.569798618
0.168343882	0.219143714	0.795825752	0.469959623	0.400889378	0.551440528
0.611122558	0.606070178	0.203885806	0.002084739	0.238531342	0.07235811
0.208596072	0.58015997	0.117961158	0.337349079	0.584334281	0.669661316
0.485078763	0.886578863	0.583049052	0.707615137	0.316250173	0.003282561
0.450350084	0.060622909	0.125973476	0.491240418	0.483883837	0.166913343
0.477951239	0.86353781	0.12004643	0.791282322	0.237280328	0.703732698
0.36609973	0.409804168	0.650642135	0.806108763	0.903457859	0.219725249
0.460465071	0.26225222	0.983774283	0.729718423	0.176652719	0.383730063
0.065167824	0.530538319	0.241188963	0.412806824	0.546042106	0.496435845
0.486240456	0.805682511	0.628697418	0.119468003	0.058723379	0.680054833
0.473327507	0.255180653	0.960342657	0.872660291	0.356127838	0.703966986
0.355978122	0.097166376	0.68178634	0.180678957	0.701889538	0.366733281
0.199523862	0.339770502	0.8805024	0.654272214	0.371345397	0.499833356
0.312062364	0.541116377	0.299059714	0.380379984	0.28591633	0.039783547
0.310285335	0.782555984	0.165591155	0.19935064	0.638499225	0.598129879
0.492226374	0.84220734	0.84295744	0.57479253	0.867781833	0.837673689
0.436055854	0.247548735	0.027839418	0.829955725	0.601260137	0.342237971
0.497496843	0.890182759	0.051278317	0.699137085	0.56414017	0.805137535
0.551668174	0.816782778	0.91851525	0.899084392	0.793790367	0.343081854
0.677607583	0.151134422	0.950785556	0.190605463	0.491093139	0.003636746
0.516559409	0.317727712	0.607753255	0.957964292	0.84033329	0.12836283
0.480646419	0.385885594	0.005988887	0.635781609	0.114425645	0.274277168
0.733816916	0.220836814	0.374652591	0.901766975	0.037407257	0.998740563
0.504262291	0.9224323	0.826257859	0.106638145	0.372321813	0.710420938
0.269437905	0.727235081	0.575117427	0.742030615	0.793079822	0.232709586
0.359143082	0.685446669	0.879945656	0.625239764	0.672962075	0.873433221
0.308047855	0.704488798	0.417121608	0.050148157	0.522413717	0.740627976
0.530181103	0.841285561	0.185971346	0.158894926	0.832636343	0.221156446
0.312665355	0.427507639	0.403989206	0.655423122	0.064671249	0.204951042
0.203336745	0.403979875	0.599537781	0.331183699	0.809270007	0.7607265
0.436823475	0.091913723	0.412548832	0.481336911	0.088464651	0.799801261
0.332926556	0.452411494	0.947485708	0.677057705	0.707912894	0.74924316
0.474926645	0.347278884	0.229653549	0.96643415	0.31456882	0.154225086
0.368106509	0.421039528	0.802405701	0.190229643	0.346679664	0.893034541
0.25897835	0.881946907	0.260109201	0.657194393	0.676315667	0.551803237
0.018404652	0.632101381	0.505874412	0.459037309	0.386664809	0.45216254
0.33382218	0.618437963	0.86588331	0.074862704	0.594351756	0.511415288
0.615258853	0.915996547	0.831324975	0.283402778	1	0.340557959
0.457175024	0.507519211	0.530948257	0.725562948	0.003644791	0.896217351
0.187189668	0.383529351	0.447267717	0.862011842	0.437702979	0.292989097
0.089260664	0.477464637	0.60393587	0.717834545	0.635578627	0.342672025
0.254969539	0.396462646	0.638427385	0.104145017	0.769270971	0.478454355
0.307277835	0.58412953	0.946057094	0.455969991	0.271933455	0.26554982
0.538914456	0.077645448	0.417930372	0.264862563	0.035293849	0.228469574
0.222804339	0.87662603	0.4936957	0.598052867	0.604341433	0.243305512
0.504683418	0.027045122	0.676668084	0.754868909	0.855236149	0.728061579
0.589078301	0.124503665	0.793938187	0.339087473	0.935885284	0.871013305
0.345424731	0.786546613	0.674994046	0.200259928	0.157503453	0.333744153
0.434113148	0.921117664	0.710930614	0.154335794	0.409526673	0.787716644
0.249715264	0.800608145	0.18476906	0.519856152	0.29769337	0.34898785
0.34009558	0.361510042	0.442438975	0.373423515	0.011193143	0.754820815
0.407988258	0.163013266	0.834913059	0.251281933	0.231009222	0.27941448
0.46153647	0.865578332	0.671918447	0.838334144	0.920273878	0.451189657
0.386844493	0.643259717	0.284960204	0.163981091	0.941790138	0.594142375
0.278338908	0.778837156	0.582092041	0.248871871	0.81132057	0.307494085
0.31957314	0.034950048	0.739623766	0.702149485	0.573594617	0.45452739
0.817213063	0.20411354	0.986848597	0.923474433	0.842998136	0.077556877
0.577822269	0.876297451	0.371860575	0.905110878	0.022288865	0.370630298
0.517331949	0.10297086	0.851995334	0.901427565	0.708729033	0.34092005
0.644665303	0.281555732	0.199456513	0.070256191	0.862471814	0.081849891
0.537047237	0.853671534	0.510634898	0.980339957	0.140199967	0.292883905
0.602434839	0.922939277	0.009721212	0.504899387	0.87393632	0.325993255
0.311673887	0.181098722	0.555265671	0.103839478	0.284716732	0.427366461
0.528945267	0.128992132	0.078697578	0.583778287	0.611202265	0.931579023
0.510026203	0.873977334	0.83048881	0.834295355	0.790771793	0.745343906
0.42867682	0.860211857	0.222941957	0.395975012	0.807558566	0.165867953
0.422582967	0.562606352	0.898815537	0.511492515	0.980144837	0.673225012
0.426279892	0.918042692	0.326064833	0.269882545	0.099840546	0.433649756
0.400310164	0.999550838	0.292723639	0.43763549	0.815653537	0.51373431
0.204210295	0.787091285	0.658890456	0.557768557	0.30691073	0.246190984
0.411991665	0.719855315	0.646535565	0.898402773	0.878592592	0.306661974
0.228792711	0.532212978	0.652265257	0.334831902	0.258274087	0.144328577
0.383180991	0.700849937	0.808778027	0.312646123	0.065165249	0.339126135
0.394748516	0.459061543	0.514672402	0.769547941	0.885875155	0.9126088
0.729807561	0.719255209	0.124206554	0.959326659	0.93162851	0.148395928
0.648487866	0.732314209	0.878927203	0.98928026	0.234684693	0.863672668
0.434355294	0.760456412	0.196412836	0.717551947	0.905436819	0.260888525
0.400377744	0.875776986	0.497264647	0.847112446	0.427468982	0.138479187
0.386424993	0.905967191	0.22331451	0.758477087	0.331243749	0.283226752
0.488988675	0.81211299	0.166462308	0.893740464	0.784053682	0.309883796
0.186081505	0.63902183	0.203671681	0.533887599	0.71425569	0.697475313
0.465366324	0.061661472	0.727594206	0.326404888	0.200102993	0.187036968
0.63935809	0.846143704	0.235692642	0.942551297	0.368584663	0.028834675
0.342445219	0.871196293	0.660564441	0.92008921	0.447867971	0.5262838
0.456286046	0.1531405	0.517607223	0.151685851	0.552807795	0.046082112
0.478795365	0.453503997	0.999766685	0.714267613	0.073659178	0.518732918
0.149663583	0.207334563	0.470206575	0.75765827	0.563974262	0.535970791
0.214154942	0.890761476	0.479367486	0.354489674	0.536045738	0.712067768
0.508529637	0.52978091	0.938793866	0.277365246	0.963396605	0.28148003
0.351500925	0.491811334	0.293421445	0.816532965	0.647911344	0.069151984
0.881639694	0.972317114	0.429546671	0.066323071	0.0094442	0.948984982
0.299033711	0.675985706	0.207571576	0.085714488	0.592875368	0.55606406
0.32244855	0.468220209	0.871933007	0.760560882	0.321280789	0.202035081
0.582789756	0.318425377	0.895298582	0.636614941	0.004608816	0.854140292
0.462547486	0.985808443	0.448991268	0.583955753	0.055632665	0.62224005
0.32621267	0.797603861	0.745299024	0.146027776	0.672027076	0.659641678
0.262483514	0.550206865	0.093942765	0.527036448	0.188129699	0.538842292
0.504094088	0.417337508	0.745367496	0.312132532	0.066837351	0.040964135
0.457224284	0.350909119	0.11802148	0.222557144	0.905074543	0.704968413
0.475185609	0.695707023	0.201195962	0.857327947	0.78008083	0.133780039
0.534150034	0.085906957	0.73992277	0.836085878	0.750844582	0.151430212
0.416434758	0.781208477	0.515665683	0.897054812	0.5478317	0.083163155
0.18907534	0.701994474	0.847345448	0.382776414	0.346506605	0.543221841
0.416021306	0.063466175	0.700893363	0.291983397	0.720214418	0.198710821
0.497442231	0.973248577	0.525181783	0.258199073	0.780420715	0.142133437
1	0.953606263	0.97970673	0.162251551	0.975848967	0.05518479
0.152607106	0.453857054	0.552295632	0.268629466	0.382439098	0.199740512
0.320972434	0.627755456	0.881465533	0.095543595	0.513251927	0.485238764
0.414400444	0.165180435	0.442380079	0.709063915	0.959638765	0.300979616
0.479235274	0.975639358	0.638767367	0.866202279	0.741283235	0.312616339
0.410052531	0.795674032	0.144924821	0.13929359	0.743540119	0.449838137
0.175874057	0.572261713	0.166673657	0.653933721	0.293332381	0.468910656
0.536898346	0.90460626	0.659825486	0.971039098	0.626920721	0.1822304
0.490942957	0.042006194	0.431206235	0.12913889	0.37635123	0.159916858
0.435986401	0.990118063	0.620005585	0.496368496	0.238515455	0.168160405
0.112824901	0.696452855	0.326139326	0.2821022	0.556554707	0.441733376
0.445255611	0.874020703	0.095528895	0.275718337	0.389708227	0.773406961
0.292960128	0.374387687	0.948562315	0.216272957	0.552895711	0.508079646
0.438205272	0.771616523	0.794617437	0.464129707	0.82963225	0.092296111
0.910758273	0.879852445	0.044455582	0.919339956	0.091666351	0.937623457
0.636853829	0.958837676	0.806985254	0.291631433	0.091785951	0.836552047
0.484973631	0.312945107	0.70888699	0.946825215	0.523315047	0.051480396
0.158666111	0.520371262	0.27043138	0.273928726	0.679184425	0.674683432
0.180466348	0.43360271	0.749481705	0.653451292	0.771314137	0.664104136
0.705908487	0.104595359	0.175529521	0.056583643	0.191347036	0.133343641
0.334251373	0.835535031	0.434013108	0.693890175	0.084209931	0.591416648
0.153207733	0.358992246	0.52317974	0.183486261	0.440757698	0.304817131
0.437100702	0.943172075	0.78195357	0.488164142	0.157771277	0.708942052
0.582874301	0.930084794	0.856483159	0.358073344	0.107459771	0.199877717
0.269277203	0.207160483	0.337334535	0.22091314	0.255712401	0.651329514
0.388854512	0.745576977	0.21586014	0.126982243	0.378896181	0.803243055
0.842821213	0.929888705	0.923552226	0.03467356	0.687461725	0.044526304
0.693303654	0.025154251	0.149809555	0.009091387	0.316586501	0.729963657
0.301501229	0.288670206	0.189426584	0.276471707	0.455965854	0.832735341
0.608359788	0.105921473	0.824312531	0.177770322	0.947147826	0.316336052
0.350013347	0.500475153	0.1300486	0.541216268	0.358996187	0.93916094
0.419513331	0.927703628	0.656881626	0.671266325	0.104696765	0.341907581
0.182995187	0.649943755	0.694355409	0.377997925	0.366008825	0.817386763
0.48437635	0.77045215	0.419025689	0.119399309	0.412284364	0.004527268
0.12015737	0.721630841	0.635745753	0.739989518	0.520378934	0.421375181
0.322000035	0.628623468	0.108152143	0.488260788	0.57078249	0.885572511
0.254180081	0.791921388	0.914976065	0.428564522	0.519417622	0.485287279
0.281022332	0.513879977	0.093028485	0.193250596	0.496784388	0.34747461
0.494355794	0.243056279	0.90882564	0.758920956	0.67566558	0.099356051
0.413435794	0.065430769	0.139282791	0.733751217	0.685894952	0.482963757
0.240981598	0.393683319	0.268441394	0.518184701	0.104899058	0.342102932
0.477831725	0.928671254	0.319594747	0.863577526	0.344741704	0.186840204
0.172511086	0.472310833	0.643279115	0.463527218	0.099364254	0.510305156
0.240879284	0.401938085	0.296049533	0.80275561	0.310729568	0.759620015
0.320160353	0.587390636	0.088095391	0.221094332	0.377573041	0.726891241
0.506495886	0.344317253	0.918138288	0.167246336	0.382640181	0.926106479
0.297484118	0.107795873	0.593506961	0.132936246	0.453519656	0.513795267
0.396057645	0.207898816	0.529000938	0.978088024	0.758701185	0.39567829
0.377904468	0.448935219	0.651326637	0.92282667	0.654015369	0.887790138
0.432911832	0.578394448	0.892117056	0.660894559	0.842579949	0.861899445
0.37638528	0.294373724	0.212586901	0.385125023	0.035211563	0.354169475
0.260930211	0.755802693	0.28904322	0.633791683	0.150528871	0.37706741
0.43638915	0.693696527	0.828006158	0.032256264	0.612309322	0.258995361
0.816045093	0.903086595	0.055670205	0.907992737	0.043113119	0.744303602
0.332810713	0.703313498	0.862056412	0.749932033	0.745154447	0.295480592
0.540477891	0.491450275	0.152663067	0.256162933	0.012157101	0.839133871
0.578299491	0.105052912	0.120484335	0.682573793	0.507925832	0.017121981
0.386283705	0.586492854	0.755644548	0.849736199	0.498814532	0.06202584
0.250117539	0.119480273	0.729454497	0.493969658	0.388112877	0.717117514
0.420018791	0.952341012	0.83192055	0.785432236	0.446293421	0.35758121
0.364211069	0.270445198	0.30695418	0.92703476	0.435094735	0.794003974
0.249710786	0.626926542	0.766710036	0.604533311	0.442433401	0.896281654
0.538976245	0.020265837	0.274181181	0.406094253	0.066325315	0.273016424
0.416537122	0.192637059	0.08906148	0.267787575	0.356506088	0.77466165
0.557505705	0.030416703	0.646893842	0.284843458	0.858828169	0.138724275
0.27472948	0.488027492	0.854752191	0.871916021	0.490453343	0.632155328
0.635563384	0.496356609	0.939743363	0.204348735	0.009185386	0.173249158
0.45903185	0.541330337	0.135905136	0.938966456	0.84737744	0.433297863
0.394307925	0.839132264	0.110750187	0.204935105	0.642709997	0.630744418
0.314512838	0.182698744	0.518520238	0.571516703	0.465708694	0.042753889
0.562974403	0.383373782	0.931564365	0.095451724	0.2129521	0.836342935
0.089378048	0.560396695	0.279824706	0.524063101	0.287272387	0.441850541
0.459718964	0.375599748	0.23205227	0.561182337	0.957315451	0.893097728
0.349453901	0.419780795	0.318114078	0.451942286	0.049313721	0.82587009
0.294892051	0.681825361	0.816661832	0.553050694	0.817037046	0.753704728
0.547928883	0.678709293	0.15892121	0.93318582	0.947957144	0.51595303
0.538858238	0.720117359	0.929249073	0.073597554	0.369215529	0.822196794
0.424771501	0.165378571	0.770188751	0.063360016	0.318721404	0.379679587
0.590603431	0.896266235	0.217825815	0.275295899	0.719490807	0.007206308
0.399025174	0.315949467	0.316846794	0.902071355	0.156835721	0.277921442
0.275276515	0.532980517	0.43843868	0.1084882	0.213368258	0.304329986
0.462515187	0.190309427	0.195423241	0.899069052	0.171551416	0.524038904
0.530424444	0.039129857	0.965929898	0.272183134	0.704519436	0.447389949
0.258994182	0.680408884	0.348760251	0.530460464	0.903260976	0.709328087
0.181420854	0.498143905	0.688987249	0.146042409	0.489702864	0.672837199
0.760273491	0.491450122	0.036960682	0.980756738	0.992351114	0.273463986
0.295544046	0.865877924	0.448317707	0.321208116	0.371558521	0.83744847
0.666722791	0.310076319	0.997021693	0.121539749	0.189203423	0.869194541
0.480100264	0.169095048	0.045433778	0.629130214	0.758793484	0.771427988
0.802457288	0.923966101	0.934848896	0.744810191	0.913234732	0.932765253
0.867155417	0.001588235	0.125704217	0.937121143	0.656166165	0.988101716
0.473530661	0.100351061	0.496398722	0.168160199	0.277848801	0.88649789
0.651258558	0.968379166	0.3624331	0.970939118	0.909164015	0.586721043
0.461752052	0.739218233	0.25925563	0.625184934	0.913607169	0.893291678
0.384520499	0.5473102	0.728955129	0.871877415	0.282777344	0.882517892
0.454160042	0.052403332	0.826469619	0.1586837	0.451599826	0.661384465
0.306198167	0.640671527	0.593657333	0.967763413	0.745201684	0.522327636
0.659106972	0.249826307	0.011558159	0.629143909	0.199635256	0.012999128
0.338933879	0.801209332	0.780338477	0.475690736	0.551073398	0.088060705
0.357090739	0.745607233	0.173188818	0.540681707	0.567278938	0.07247906
0.560361242	0.889906576	0.25960131	0.87796004	0.106860844	0.29338227
0.279170653	0.358216396	0.251987774	0.093362463	0.425769579	0.670410658
0.728411762	0.84673595	0.884727838	0.058285431	0.927239631	0.761359417
0.398961565	0.674710562	0.507880099	0.535912839	0.043413956	0.899062575
0.496035388	0.983251401	0.94051735	0.631808443	0.280116442	0.530451056
0.632465602	0.358293549	0.984822502	0.056828811	0.700149925	0.865380978
0.38362256	0.261660745	0.21040038	0.743070921	0.218804092	0.82203752
0.169482933	0.764315065	0.488420157	0.253324741	0.465030003	0.714923022
0.431599217	0.812468803	0.63302495	0.165926931	0.93819124	0.59552282
0.366936917	0.298881466	0.694899357	0.151526526	0.285931872	0.150505555
0.394992795	0.726914356	0.7225692	0.261743734	0.130020158	0.819411798
0.328969796	0.209851782	0.736345371	0.653775328	0.093221748	0.562048432
0.556898662	0.014779643	0.556700604	0.03627164	0.478454741	0.197087562
0.520273705	0.224518683	0.591743897	0.950401707	0.227573614	0.89075185
0.046314724	0.640212263	0.577064229	0.573677018	0.664725971	0.553821517
0.483456111	0.038431544	0.988912538	0.611215769	0.618818524	0.442346396
0.188714671	0.460409976	0.763683829	0.383858776	0.682013669	0.215800865
0.330999962	0.005640997	0.489224375	0.360216452	0.752874667	0.450714979
0.531288229	0.836795706	0.257157456	0.033861071	0.830457754	0.353230196
0.701418449	0.425398408	0.001428635	0.934109175	0.175415735	0.129788876
0.463696579	0.585698589	0.96762867	0.22971325	0.750054929	0.181060716
0.592394989	0.484280125	0.829749359	0.995173576	0.26656058	0.080764125
0.482564142	0.940864609	0.26675283	0.10488412	0.693874198	0.322109618
0.654935805	0.941661344	0.003427797	0.611356313	0.301572526	0.88506595
0.654122219	0.958683663	0.039128379	0.525863544	0.953897381	0.405413938
0.605143163	0.990204364	0.919276713	0.891881789	0.487593012	0.665495094
0.391599043	0.664755757	0.129256801	0.872910923	0.412666516	0.221895687
0.414675338	0.805409547	0.375995515	0.845084949	0.394703957	0.916510941
0.520428355	0.268287834	0.842390388	0.220464191	0.027953337	0.28810515
0.452773559	0.670469989	0.057716468	0.484463576	0.031869108	0.57022698
0.30122149	0.25800587	0.267790356	0.66623602	0.650928728	0.874879301
0.607375885	0.923983181	0.986240075	0.173924547	0.569252283	0.230104565
0.295236621	0.273637971	0.474790781	0.572306415	0.623841231	0.976168062
0.578965319	0.768676109	0.345256726	0.969756618	0.736879294	0.941758339
0.383899339	0.912363033	0.681547163	0.615911593	0.136045549	0.689994213
0.412686033	0.10305747	0.147175816	0.595073446	0.652121663	0.193634842
0.664799745	0.7553565	0.854247118	0.915535168	0.952883361	0.209807051
0.314134831	0.231281917	0.675165539	0.607612951	0.347333685	0.075902543
0.509119735	0.275576904	0.149099245	0.91130183	0.29051179	0.839329771
0.573405839	0.316627268	0.296024932	0.859686665	0.926324266	0.91995222
0.532887114	0.187599444	0.794701302	0.081221237	0.879561202	0.648892297
0.410593229	0.414342342	0.937329431	0.436581232	0.906394889	0.289173852
0.479807545	0.817912947	0.170687596	0.262518245	0.912363062	0.691441103
0.858887154	0.15228635	0.015228013	0.045718681	0.865475625	0.129547971
0.439913719	0.422162577	0.86579458	0.385138826	0.991454559	0.712375431
0.401060666	0.064855061	0.26676885	0.31884656	0.684805743	0.206809399
0.72332392	0.888874227	0.895002034	0.905933652	0.523340199	0.98848214
0.481851045	0.978750196	0.303648036	0.499023388	0.616316992	0.941127157
0.509038076	0.091918669	0.243848386	0.172009524	0.112098348	0.60378198
0.425338676	0.386397182	0.842492647	0.713020726	0.031716249	0.322201023
0.270207913	0.626757186	0.932961374	0.249053117	0.508600675	0.390555054
0.245671437	0.430728996	0.576653367	0.037402417	0.340221666	0.477899475
0.462701459	0.91865908	0.656985986	0.480549684	0.893732861	0.821995486
0.21005781	0.51931922	0.646050632	0.104987872	0.376687754	0.343424199
0.322778886	0.720495618	0.593285481	0.898888727	0.509629386	0.171743728
0.692393353	0.07016707	0.105262427	0.81248568	0.707087665	0.060128838
0.562091339	0.874399688	0.149938237	0.580334495	0.934395924	0.806204955
0.351892722	0.851049183	0.22676165	0.373046891	0.449664293	0.133407059
0.638027428	0.874471957	0.157851649	0.871902565	0.261411948	0.915416515
0.518242215	0.10863068	0.659425602	0.167633028	0.512317472	0.029001213
0.565305085	0.255940318	0.951481945	0.754502544	0.879347257	0.797298987
0.431311171	0.332161245	0.404395709	0.459115753	0.017058718	0.897005858
0.570146152	0.10578052	0.826171263	0.266039219	0.35346449	0.975920748
0.317071452	0.401755111	0.014234941	0.432368125	0.379469698	0.268279521
0.357001525	0.313080477	0.86837554	0.476580085	0.62554327	0.083389517
0.416384091	0.741156034	0.076931282	0.320459732	0.228051722	0.235764519
0.373318487	0.623708643	0.603502208	0.293488261	0.12381337	0.094965762
0.396659032	0.171617842	0.704910505	0.591033915	0.666099546	0.041449382
0.176473786	0.699026089	0.47806286	0.39578002	0.470687002	0.866048125
0.557566579	0.881909957	0.81665154	0.072501796	0.527533664	0.152957573
0.373982673	0.195908455	0.61507882	0.754612746	0.20609819	0.157753146
0.292062493	0.458882771	0.328075318	0.96156355	0.471007366	0.721097345
0.292829921	0.562440067	0.490536401	0.39067882	0.065106524	0.19708723
0.57090549	0.723161794	0.016776455	0.025096271	0.632130951	0.319302449
0.313244946	0.802472156	0.154855738	0.728417207	0.325055849	0.355787548
0.058396706	0.263366506	0.491158182	0.545697907	0.385962739	0.531450617
0.422784966	0.263387624	0.715925497	0.209648022	0.739269456	0.921677534
0.547343546	0.97559737	0.581421685	0.732787292	0.615320063	0.012110478
0.325741721	0.891864893	0.868022222	0.670957038	0.478335683	0.392019933
0.304346072	0.827107497	0.511595342	0.498098481	0.318685587	0.910321679
0.710972658	0.204762139	0.991093454	0.736457157	0.918331824	0.87552569
0.114808629	0.317690593	0.397734208	0.292617907	0.463040795	0.693798173
0.476641156	0.646878939	0.877945798	0.013488624	0.53676327	0.232945774
0	0.604445053	0.538089798	0.522136491	0.443781701	0.531072783
0.399361665	0.587730526	0.888688845	0.714181127	0.892600341	0.295281352
0.361463513	0.548777465	0.269367689	0.642935424	0.820152626	0.073922831
0.221309954	0.273327644	0.444521829	0.833270682	0.305535465	0.346673427
0.271095473	0.698481905	0.640833627	0.039537557	0.444573614	0.470063435
0.45405088	0.286627742	0.800153908	0.579456773	0.923564529	0.86252758
0.108763908	0.475559415	0.653496821	0.595175871	0.796117439	0.512213412
0.560610077	0.01940993	0.993195129	0.571041294	0.23256264	0.425529579
0.416112692	0.559848836	0.890177913	0.207023644	0.146813049	0.728422637
0.390237888	0.80008262	0.043151347	0.334843924	0.250629671	0.494368937
0.522888875	0.759160696	0.799600445	0.783187552	0.986684218	0.29275975
0.233453787	0.512572292	0.485496088	0.744065529	0.482721603	0.077107081
0.429448034	0.867126398	0.637024433	0.328972175	0.486693757	0.005989948
0.590184845	0.709498835	0.100862952	0.177173663	0.79681907	0.928400237
0.173441562	0.315321242	0.394751484	0.413913316	0.153613067	0.598209185
0.737938408	0.090985235	0.980620339	0.495592615	0.877867095	0.929975101
0.510451221	0.075584854	0.393385437	0.95295111	0.683512275	0.234798139
0.21217935	0.387351248	0.582389286	0.806558278	0.253964478	0.286711018
0.396696374	0.736860719	0.930117286	0.385825085	0.397685342	0.132518169
0.5163267	0.101515633	0.621595669	0.139464469	0.483185383	0.047322899
0.446520869	0.289710249	0.001994909	0.630785089	0.337496138	0.827329962
0.672999777	0.624817621	0.707285696	0.052351754	0.97881781	0.086931364
0.366708716	0.328213319	0.716992063	0.314138621	0.383869898	0.006268908
0.500354306	0.987394869	0.42446575	0.687425575	0.213738629	0.865995108
0.540189029	0.050130995	0.647866974	0.095554153	0.87783201	0.508868957
0.418606797	0.448828263	0.337378902	0.541100524	0.959679008	0.916903166
0.613155207	0.881669993	0.108696157	0.79381166	0.941511232	0.362207997
0.470830184	0.977950165	0.660515984	0.141307864	0.218371158	0.436881039
0.256453831	0.253812857	0.262128478	0.858365485	0.388213761	0.46227762
0.341176722	0.93150535	0.773218394	0.301653313	0.598101306	0.684795534
0.390245207	0.262897381	0.957714104	0.512779018	0.783485103	0.283773276
0.505419883	0.099984418	0.22637614	0.82336129	0.102555211	0.505270393
0.685366378	0.65796473	0.999368161	0.977398371	0.565101107	0.08943223
0.642550451	0.142712192	0.207360773	0.745241572	0.927675938	0.914774784
0.232468349	0.402380323	0.244986988	0.818622052	0.252958549	0.48314547
0.226660618	0.914150578	0.258889997	0.507952249	0.478829554	0.466482995
0.335431801	0.720766244	0.537632817	0.770265999	0.933746441	0.657473554
0.349152562	0.368370221	0.508112987	0.925266639	0.874657176	0.4025169
0.572127772	0.949949386	0.904996749	0.260482279	0.132004688	0.415250598
0.353217626	0.855145844	0.354368877	0.240800786	0.675020813	0.173526589
0.218159422	0.576173016	0.460743257	0.870171542	0.723993472	0.330296063
0.494992705	0.541183194	0.850948528	0.43354481	0.972695058	0.127245647
0.533313002	1	0.643890449	0.486004378	0.857831962	0.14487527
0.574953424	0.867910336	0.251558416	0.060952016	0.135560823	0.703602328
0.22295574	0.578307656	0.678784483	0.722969494	0.314938768	0.831397542
0.330582901	0.063107325	0.386152885	0.713677766	0.519011857	0.784633652
0.505919943	0.634519113	0.776306126	0.986190114	0.896508418	0.610817359
0.465444067	0.483193006	0.888414843	0.784498059	0.462286241	0.019317203
0.07076865	0.3799968	0.584608813	0.6046782	0.725147362	0.531657459
0.393751582	0.062333907	0.310151708	0.194725376	0.530462312	0.762286938
0.145306049	0.447610441	0.474142139	0.764110067	0.783270383	0.471800795
0.218407569	0.296356178	0.33266374	0.803874935	0.288613431	0.368384321
0.465594827	0.311032948	0.800386124	0.160176556	0.629452625	0.047753311
0.5631012	0.922283567	0.676043786	0.155527103	0.806844228	0.137495051
0.456596856	0.467803342	0.159720669	0.205284724	0.023900687	0.353441871
0.367001223	0.175984991	0.169078819	0.245438735	0.692918115	0.720196079
0.122228668	0.565634453	0.509336584	0.45059798	0.4875652	0.856826576
0.261101934	0.391835497	0.275111101	0.526691775	0.930514446	0.375064383
0.387579306	0.230253801	0.050273759	0.240149288	0.529768701	0.297131648
0.428280431	0.200521325	0.849918098	0.293492245	0.12779654	0.311989427
0.608584726	0.184016311	0.990625103	0.993835121	0.626642241	0.48112708
0.187629084	0.396708314	0.104425231	0.377440717	0.609677287	0.51056994
0.484723505	0.128391772	0.379645778	0.238204542	0.006221622	0.61773121
0.376841785	0	0.699383295	0.335981447	0.721341923	0.399104392
0.602272338	0.544007885	0.981499863	0.825471144	0.005756747	0.616851807
0.236341172	0.666070053	0.105952805	0.363055044	0.691364309	0.451339223
0.662159109	0.019300177	0.724196398	0.430065128	0.054874378	0.092802385
0.642863334	0.756738279	0.120226275	0.956767201	0.953290404	0.555291793
0.670139717	0.080364977	0.214988103	0.81975313	0.888944712	0.878533579
0.385180946	0.988664598	0.595655422	0.470871191	0.757470431	0.762829802
0.123409403	0.547257018	0.277065868	0.327836565	0.409718065	0.710262561
0.663120024	0.920427735	0.209467661	0.604583553	0.970213802	0.893695968
0.303353289	0.339409959	0.190377365	0.725201736	0.135301787	0.490792878
0.206337979	0.203087279	0.546411718	0.362577528	0.713304842	0.742231476
0.216319608	0.44538339	0.604757971	0.463319485	0.129684891	0.231628801
0.395200775	0.390059333	0.866353697	0.469134218	0.986822191	0.611935143
0.449670714	0.789109498	0.248534943	0.408147775	0.912033857	0.846035185
0.575706807	0.700822068	0.733894325	0.94852507	0.240002937	0.952956369
0.26418441	0.445828692	0.832494972	0.380922289	0.877483252	0.468655259
0.383444586	0.706623338	0.384382902	0.041586071	0.32623632	0.792267153
0.270931028	0.240617774	0.287826254	0.88658624	0.459659039	0.401632783
0.472751292	0.204885167	0.156101889	0.03619766	0.297714363	0.436578532
0.685782278	0.866558884	0.042198372	0.736204888	0.039408871	0.258004557
0.390685532	0.493861779	0.696155459	0.059443115	0.314657316	0.148730229
0.409087519	0.194186384	0.130800551	0.663754097	0.282548056	0.820497366
0.558998211	0.978625395	0.187014315	0.305545441	0.659383006	0.103256333
0.499360558	0.559006459	0.037479563	0.685555015	0.016606593	0.589475735
0.277407272	0.896754509	0.369737615	0.819611241	0.536263447	0.541718359
0.223529734	0.206412528	0.294662553	0.358692227	0.345301795	0.738767066
0.402917579	0.695890198	0.023103057	0.226652869	0.3914039	0.281862854
0.566052713	0.336867281	0.002726012	0.038355217	0.241342126	0.538530629
0.372581296	0.598239929	0.812631094	0.602927821	0.704337616	0.965280892
0.186722826	0.400545518	0.435892097	0.422168158	0.457848105	0.916911313
0.263648006	0.569621181	0.197893557	0.731832673	0.760640226	0.721843626
0.387446859	0.526428652	0.067003748	0.107207672	0.550195704	0.700008885
0.550438132	0.043833862	0.161769167	0.703792869	0.505195933	0.081091442
0.406383266	0.727436788	0.072630934	0.323250874	0.810345168	0.703007487
0.680634703	0.969769371	0.020361135	0.782708716	0.142184725	0.421323279
0.52878746	0.197144795	0.538830335	0.030632175	0.171724159	0.185201741
0.715824286	0.774813665	0.205584269	0.978232959	0.79776564	0.033725776
0.309687632	0.149370861	0.503745283	0.205405979	0.814739617	0.541192746
0.16531585	0.262970159	0.536450287	0.666971348	0.362701245	0.766091422
0.443959282	0.523365263	0.78623661	0.113730935	0.042388404	0.454740011
0.70366125	0.137238999	0.883955914	0.890760921	0.869751483	0.151542698
0.428806476	0.322199635	0.071696177	0.394717157	0.056970956	0.557913018
0.178592172	0.124970086	0.304526987	0.496803577	0.46496873	0.57368736
0.566920637	0.677171453	0.788446383	0.966681358	0.850816399	0.822493187
0.426226022	0.728071125	0.457940677	0.285936368	0.043871649	0.159353629
0.5589515	0.303564026	0.958279761	0.903257419	0.121205938	0.489912606
0.531084658	0.835835683	0.136493371	0.714287912	0.109017205	0.782394359
0.478325791	0.664384492	0.948959536	0.896488612	0.706777552	0.28082411
0.414461236	0.844328068	0.216162525	0.600923425	0.079633682	0.661144446
0.373011504	0.540786809	0.230623817	0.188650452	0.750445731	0.87124882
0.490984824	0.87034355	0.494689627	0.409598896	0.864957455	0.9548811
0.257725361	0.788601859	0.178903643	0.277520245	0.601851566	0.380032735
0.665749788	0.745748206	0.044801055	0.201643504	0.019534703	0.754501188
0.569508615	0.444493217	0.691212909	0.099777135	0.124834341	0.029687281
0.418914439	0.616254733	0.056669931	0.69610867	0.871526025	0.332578644
0.436956408	0.415224125	0.34572315	0.244168766	0.151192612	0.965438413
0.197801463	0.575629196	0.919337016	0.659954943	0.462249438	0.534587931
0.249135032	0.218453323	0.775555557	0.7816808	0.644020405	0.480259704
0.338434463	0.789080639	0.519377566	0.813996936	0.339019732	0.138375021
0.304506033	0.366296381	0.394343216	0.344298707	0.309083252	0.034026724
0.579480725	0.427783235	0.028860143	0.871934242	0.876156703	0.254353673
0.188740834	0.858304495	0.252341525	0.574364071	0.500785592	0.503163275
0.424054553	0.21396773	0.156020065	0.626028913	0.456456599	0.050618369
0.436503769	0.70618485	0.14294227	0.128007626	0.762599642	0.732536599
0.190379864	0.314458985	0.30614505	0.256433393	0.752912313	0.467369725
0.803768101	0.488771681	0.013069555	0.226217933	0.014543099	0.014210856
0.599547832	0.926802365	0.186228001	0.948150791	0.714004516	0.743005573
0.180353901	0.760413735	0.661185461	0.287774113	0.558241328	0.718366402
0.448300288	0.622293984	0.090228466	0.978324305	0.477146926	0.674870885
0.661817689	0.798600871	0.997831648	0.754896698	0.218158376	0.084730559
0.472387891	0.747374212	0.64725953	0.833331489	0.746119916	0.038529804
0.164932951	0.810069345	0.508096848	0.290320718	0.326334081	0.559942691
0.577564984	0.66129098	0.900161069	0.11430033	0.914094305	0.247223474
0.389600744	0.274430737	0.688742166	0.748906249	0.941749286	0.713392644
0.381875609	0.32931002	0.781745836	0.85963003	0.209400167	0.253092303
0.63193318	0.653680361	0.944822321	0.018455312	0.167900695	0.746730241
0.536040044	0.701292568	0.312452043	0.944678087	0.970032134	0.677652938
0.857749146	0.895202412	0.251564248	0.029312753	0.099132451	0.016874535
0.506998531	0.330143906	0.884258791	0.876394126	0.088465133	0.370648162
0.269474754	0.746618772	0.417113037	0.275384777	0.261792855	0.815136241
0.495959145	0.065247803	0.520179354	0.918303173	0.848437998	0.542472075
0.325165696	0.257192741	0.2816379	0.592473093	0.771815995	0.131226069
0.709918364	0.62923106	0.934540831	0.077610603	0.775028808	0.012275859
0.285394513	0.316728978	0.277215168	0.730733228	0.184381653	0.271925024
0.583999049	0.025884301	0.841446726	0.708082354	0.786993913	0.171098175
0.602813865	0.752713193	0.035681039	0.936553176	0.515736839	0.84729863
0.182532834	0.706634338	0.848925654	0.367050765	0.601298081	0.538318012
0.453499194	0.461637479	0.062921258	0.292927812	0.854989343	0.79502418
0.4679942	0.642947059	0.15958561	0.386439586	0.027817592	0.198442032
0.397408843	0.142586806	0.48529424	0.13290349	0.631929022	0.16261512
0.493821564	0.777127074	0.798392847	0.800031439	0.073322977	0.731527302
0.359142393	0.724755991	0.36360412	0.95431969	0.5919302	0.229430951
0.696864168	0.978312955	0.944613062	0.549411306	0.667708727	0.979373632
0.428551858	0.921132586	0.372721477	0.197974804	0.862269614	0.415904567
0.271832805	0.442213785	0.257558682	0.587012329	0.366815526	0.066552852
0.611845772	0.944299044	0.907368336	0.236221669	0.769104196	0.187431419
0.394686112	0.579157443	0.891324806	0.405759793	0.972456094	0.429934173
0.421803345	0.875766301	0.604600465	0.226447898	0.216936579	0.164698787
0.467613238	0.12018391	0.135147072	0.211842185	0.280858451	0.730528414
0.486054677	0.185781695	0.407440829	0.189381932	0.02802779	0.269216128
0.268756798	0.003008015	0.41282133	0.38410286	0.443956011	0.492952909
0.926273376	0.068643652	0.762490309	0.003205095	0.904419351	0.986038657
0.41702194	0.400462436	0.649520404	0.982185425	0.458572193	0.886332992
0.30892419	0.648297465	0.16925895	0.50032828	0.919531649	0.452641213
0.324704743	0.52251728	0.355322477	0.270026859	0.210851815	0.089893978
0.363457293	0.095228774	0.209318395	0.398629109	0.247780015	0.30100545
0.456490416	0.707039892	0.6395917	0.006086355	0.661416352	0.846751969
0.330359456	0.784049729	0.630747519	0.570260292	0.944754726	0.678225807
0.333593374	0.186420991	0.685780993	0.546985594	0.850263694	0.2217453
0.415221458	0.646523596	0.545267367	0.083954446	0.143250521	0.201660497
0.283193024	0.91214532	0.6211418	0.349642177	0.761886898	0.396553653
0.447819023	0.830127326	0.942343496	0.246332765	0.357159373	0.743852428
0.636141528	0.039124139	0.739695506	0.852812491	0.153872213	0.167533167
0.449300332	0.157721702	0.425718497	0.639860829	0.930403286	0.842034179
0.82012269	0.876091066	0.885454966	0	0.066182088	0.773610684
0.478805218	0.38341031	0.843619925	0.121588583	0.105449167	0.716534507
0.151839601	0.806260045	0.583237708	0.684451077	0.545585247	0.658198691
0.734002745	0.009487082	0.924032697	0.332328526	0.962815751	0.739201234
0.384329798	0.798940893	0.713611364	0.643034946	0.450637884	0.023420349
0.376834141	0.67054956	0.781773699	0.548524761	0.863492737	0.132411781
0.491129475	0.783506554	0.254520749	0.029042383	0.499022455	0.153032812
0.459686675	0.843374801	0.261990527	0.858374403	0.870536558	0.38908255
0.370937854	0.841696725	0.331008601	0.847346024	0.562971763	0.815606514
0.363468851	0.16248181	0.831311074	0.157989653	0.398862785	0.622042931
0.627001925	0.512028789	0.081911794	0.023358723	0.945545509	0.608341251
0.400346297	0.877810741	0.293573803	0.512699471	0.054344215	0.381466952
0.362961109	0.114510507	0.849165468	0.444067246	0.738521275	0.687009145
0.53155268	0.058204987	0.74356516	0.907843448	0.384491153	0.801552161
0.1529739	0.535045295	0.527054489	0.353075408	0.256403812	0.216905186
0.508297512	0.234962903	0.31347411	0.089603997	0.896167862	0.238609591
0.421562765	0.756902322	0.89568732	0.915738453	0.635691931	0.589531567
0.068091993	0.541845981	0.521230378	0.685438354	0.418214847	0.304355338
0.283427225	0.069564215	0.677415293	0.235143968	0.489696961	0.492289972
0.540429509	0.835209271	0.062034973	0.350565729	0.140558215	0.777076878
0.442520691	0.265053059	0.518701622	0.421889039	0.951606221	0.084833593
0.403851433	0.250961748	0.766939457	0.138868308	0.145379302	0.622051808
0.592750727	0.970844687	0.859330586	0.974920675	0.530434715	0.419792192
0.456120161	0.441114753	0.038988645	0.766981404	0.888588419	0.609561946
0.337556377	0.815583205	0.251880809	0.353858918	0.878265562	0.606323838
0.810251113	0.959051923	0.883043647	0.443121494	0.046186276	0.978488938
0.333869667	0.791206042	0.141651051	0.254216605	0.312142655	0.659423198
0.440353514	0.557842504	0.788996633	0.923354061	0.0894043	0.57091773
0.191550202	0.134021936	0.71267531	0.497870549	0.514572549	0.64584581
0.679071033	0.701247411	0.950653783	0.174597558	0.077689624	0.87833791
0.349177145	0.60063312	0.180707886	0.091893929	0.737602188	0.389115302
0.362937324	0.558056362	0.299784242	0.524312753	0.063557825	0.141496297
0.635131838	0.016960503	0.588050539	0.602989481	0.947537896	0.913062753
0.320956368	0.9866222	0.342949064	0.45985372	0.368445196	0.70384384
0.470056114	0.795424048	0.049970146	0.746793207	0.171953315	0.57947796
0.413387999	0.31098638	0.839395221	0.834300505	0.15298854	0.323494245
0.175832232	0.509780206	0.745581697	0.229139328	0.60196152	0.295968254
0.474446437	0.242022	0.253679787	0.066819286	0.754149865	0.796427775
0.39523238	0.055973623	0.794074818	0.454893701	0.804022126	0.371096252
0.313261246	0.07255481	0.258966703	0.269520127	0.616424267	0.575386236
0.612000296	0.924826201	0.535776761	0.232959271	0.007868643	0.174954607
0.748037054	0.034428284	0.895477589	0.930105977	0.904736605	0.401479863
0.472804118	0.784033204	0.6950639	0.221316308	0.808569203	0.079702391
0.567512182	0.801254495	0.004565494	0.056900473	0.474899703	0.652728212
0.379490173	0.583278663	0.926196446	0.505350679	0.571728369	0.936751409
0.594200039	0.969518541	0.28705047	0.931683696	0.831718137	0.365308871
0.227744027	0.830696511	0.223107128	0.563620564	0.30770705	0.577623105
0.160315389	0.327458267	0.730902374	0.317250593	0.681595558	0.647249238
0.262328994	0.691964666	0.580025171	0.923096505	0.292548047	0.541747629
0.120521147	0.567974884	0.469742838	0.787649061	0.565196477	0.69700459
0.553638726	0.239089021	0.809765074	0.472040407	0.984520207	0.88507618
0.309417227	0.620316475	0.823753022	0.879141452	0.439855953	0.281921251
0.19441578	0.80867663	0.295757577	0.571351061	0.341508913	0.685542139
0.33028509	0.744811198	0.591095356	0.388012601	0.030641799	0.680660314
0.184139822	0.641971506	0.477267699	0.687915657	0.799415318	0.715263086
0.570171154	0.790717962	0.039406753	0.558553246	0.380999973	0.997295342
0.707628456	0.813806336	0.005411422	0.622653582	0.805430185	0.01108249
0.595436072	0.07272348	0.441963947	0.944409043	0.093225264	0.314555767
0.172243543	0.16403116	0.254422666	0.51135505	0.423567069	0.482984719
0.532156794	0.141704387	0.268518404	0.933149244	0.130346904	0.629298536
0.685016425	0.103785139	0.110672044	0.311752062	0.171674633	0.033827522
0.585618759	0.484309262	0.869927518	0.859256787	0.048540396	0.169011455
0.390651819	0.427353844	0.551421219	0.912492188	0.815064728	0.834573444
0.359888165	0.568335171	0.048667281	0.703979681	0.81523973	0.596522734
0.434598906	0.950121369	0.599028993	0.926464701	0.478213633	0.311496328
0.44552942	0.381873167	0.4310854	0.004070287	0.845929716	0.735911939
0.392840022	0.421825936	0.637349161	0.04497368	0.752410128	0.809917387
0.651605452	0.589132426	0.244875091	0.979957681	0.011307501	0.810064983
0.909368006	0.978519042	0.827471134	0.965005357	0.815603446	0.017062536
0.641396914	0.928605678	0.629544075	0.941851681	0.244280604	0.910800802
0.62455464	0.987496408	0.654310356	0.274232475	0.115402217	0.892885606
0.343576962	0.271157455	0.459851906	0.305020913	0.421954066	0.997425787
0.254190783	0.826409953	0.197069037	0.283538255	0.521817132	0.609768628
0.217696	0.806550092	0.560941862	0.659492036	0.812788985	0.554218566
0.592574258	0.762349275	0.903763857	0.550383718	0.12536995	0.039246764
0.670677344	0.190340614	0.821655571	0.137514152	0.157215783	0.960931829
0.473094223	0.930549251	0.324663596	0.332053979	0.07021127	0.304467682
0.697355316	0.131222189	0.955417606	0.167743692	0.840014868	0.841560786
0.386445509	0.536150931	0.788887718	0.35200066	0.984144241	0.715987777
0.230356106	0.281192635	0.1729854	0.557753314	0.221785617	0.489379329
0.420226119	0.012940715	0.327803703	0.801260479	0.709306846	0.38544656
0.465195922	0.83854805	0.548267416	0.124552166	0.269055223	0.114058119
0.248298793	0.212255113	0.750684899	0.184851834	0.40391732	0.474147127
0.62084906	0.40598602	0.595491718	0.988540207	0.011116821	0.162365485
0.829087265	3.40E-05	0.920679387	0.738133408	0.221154661	0
0.40882381	0.699732988	0.989739122	0.566349803	0.512928138	0.85889625
0.244155602	0.322158138	0.810713024	0.192665274	0.380738406	0.624174981
0.495921966	0.797799708	0.256094538	0.251873878	0.798288819	0.936400254
0.609012516	0.269322996	0.260449927	0.074774055	0.087062177	0.133230416
0.158430709	0.75390794	0.34514495	0.597269088	0.341891181	0.711418417
0.301432745	0.54212508	0.586584988	0.064102112	0.583130233	0.187877173
0.519623279	0.128083215	0.107425768	0.158615241	0.187451399	0.565041813
0.182106936	0.464521317	0.184542815	0.291746848	0.420962442	0.30325592
0.19357242	0.683885578	0.186288376	0.44692248	0.335987931	0.303944049
0.461120238	0.392670299	0.239221727	0.100761681	0.579004161	0.042273458
0.520483265	0.526128138	0.385034066	0.278910595	0.016999219	0.033467331
0.567707602	0.858780969	0.109374943	0.081481628	0.565329753	0.809824122
0.441374345	0.036218978	0.869735922	0.312793044	0.286001107	0.589898531
0.599503641	0.820084659	0.980781863	0.470959502	0.049427077	0.740616934
0.315510588	0.327370602	0.657919193	0.209046683	0.188338134	0.788413025
0.424689951	0.549902087	0.206521056	0.11244176	0.299865764	0.87781622
0.23385791	0.783976292	0.519518684	0.640292691	0.202306962	0.274789873
0.538292705	0.565146295	0.618935912	0.996651264	0.903545479	0.181623824
0.389159476	0.04336251	0.504904251	0.550066705	0.918019814	0.520259978
0.346186987	0.48688864	0.373923285	0.283775474	0.991140084	0.297177181
0.049000277	0.425029669	0.690994646	0.609265669	0.46464326	0.402714487
0.47991279	0.500602255	0.826768197	0.611030495	0.995496633	0.164988084
0.353764196	0.147581622	0.576174083	0.227445108	0.118260802	0.567654149
0.266596914	0.019368346	0.371069527	0.627863684	0.507324044	0.430409321
0.323079746	0.287278234	0.908377026	0.712731579	0.40820124	0.752476209
0.373849185	0.36572638	0.22652477	0.856107196	0.885575922	0.448655093
0.313617857	0.661166119	0.592363248	0.591725542	0.139036979	0.881047811
0.097375508	0.699291013	0.525895288	0.693706617	0.566269321	0.665286549
0.249971476	0.198010325	0.489927181	0.71713592	0.159219121	0.522809765
0.617993606	0.087277609	0.027280585	0.452913037	0.758232138	0.877568047
0.492225791	0.835299112	0.584427961	0.96433433	0.439102748	0.884565733
0.503155489	0.791344148	0.061886529	0.268890538	0.379223216	0.11176419
0.25063265	0.191479959	0.724319495	0.189148099	0.588477647	0.581270278
0.355649362	0.563852991	0.755494637	0.93798836	0.196734451	0.431002046
0.769121788	0.9181394	0.035168692	0.288668206	0.848538988	0.938954082
0.744141289	0.367629786	0.072772386	0.863043836	0.953658524	0.067797184
0.392166663	0.49287117	0.368125193	0.549064662	0.009854638	0.137777716
0.47443055	0.466358034	0.280168637	0.99310097	0.128355427	0.307127585
0.557458711	0.111895464	0.247207757	0.980390304	0.31964424	0.762335779
0.215024565	0.205570844	0.424080297	0.183486761	0.522047616	0.335772864
0.40007242	0.150998458	0.869143633	0.332505955	0.826662772	0.412086809
0.423160013	0.220881832	0.416587801	0.559552497	0.908925228	0.905503164
0.251446639	0.846290172	0.404023495	0.404250243	0.232140714	0.285668077
0.351909382	0.967806454	0.859203869	0.476093813	0.431569971	0.547204133
0.475927079	0.846707132	0.909445541	0.075832634	0.573173395	0.480711877
0.606263327	0.981485007	0.339269624	0.754446866	0.126107228	0.864582707
0.369564494	0.786919283	0.629299671	0.165716935	0.875020819	0.368735862
0.316602551	0.769880057	0.373437799	0.801998167	0.268003534	0.210319809
0.724729509	0.062856666	0.512110748	0.064879791	0.063509132	0.870444832
0.726683654	0.308237259	0.976215751	0.960297506	0.117783666	0.19449488
0.445188093	0.8919615	0.053527293	0.649698806	0.264829273	0.401828769
0.191332917	0.71615312	0.69244885	0.415600622	0.570823955	0.824722128
0.418251569	0.329505806	0.90360817	0.154242982	0.756687246	0.704178938
0.554549312	0.940661718	0.74784769	0.925311204	0.503506724	0.832844068
0.298281755	0.402763255	0.175001717	0.124457423	0.613590389	0.326757046
0.370044735	0.686611413	0.625990511	0.714994262	0.941087436	0.22052401
0.283638519	0.856079188	0.566424887	0.614028163	0.867919664	0.416542826
0.695849776	0.129897858	0.220540034	0.161822369	0.863776691	0.966294453
0.158808588	0.761348412	0.432678339	0.458039078	0.362227494	0.227792264
0.257198472	0.65055042	0.337953306	0.812885308	0.766470508	0.70723657
0.330994293	0.64335438	0.116471272	0.149976987	0.642711911	0.642471356
0.476416384	0.845043301	0.847871452	0.931942933	0.660089618	0.356378895
0.678942432	0.9795085	0.764765322	0.361244897	0.982156954	0.163311989
0.3647479	0.063800529	0.42643726	0.745643363	0.618366244	0.805707474
0.261892845	0.109023505	0.208976034	0.383595158	0.467512539	0.389032351
0.407626684	0.349038014	0.738917634	0.908594138	0.128268185	0.651189296
0.38914104	0.184929873	0.826384658	0.689664619	0.871340227	0.400265217
0.610342482	0.848636821	0.973141161	0.484105245	0.805652759	0.094691793
0.451602821	0.970422373	0.774926714	0.485633418	0.12196665	0.40016168
0.175211574	0.710681039	0.423332832	0.176209101	0.650878315	0.433344753
0.470299053	0.308789794	0.070098421	0.648407354	0.942367989	0.344255869
0.55093302	0.985868676	0.261932068	0.250982674	0.098495307	0.341913322
0.44834193	0.205889537	0.840301203	0.690976557	0.861077169	0.222150586
0.059771577	0.652239477	0.500893995	0.408485597	0.464508715	0.298444196
0.482582335	0.507557241	0.516002332	0.634679811	0.007561896	0.033610955
0.441082422	0.726444906	0.979771239	0.516964612	0.582848413	0.89386422
0.52857661	0.07582592	0.204856623	0.648299942	0.742228928	0.914795204
0.240576315	0.747415668	0.598597279	0.259997219	0.198064287	0.335044918
0.385046842	0.78979784	0.610485422	0.826398745	0.922340052	0.452370994
0.390382713	0.842842359	0.542858706	0.325301175	0.383216046	0.976582941
0.433926183	0.633320122	0.985726311	0.272786163	0.278531032	0.787496835
0.515733577	0.929365218	0.527512753	0.560298578	0.90839415	0.110043809
0.412773451	0.732574131	0.488707834	0.456650077	0.050279539	0.892639897
0.292267141	0.558989102	0.854552938	0.253217877	0.82486748	0.550987422
0.364986621	0.314288469	0.152568365	0.842979652	0.406219069	0.214475031
0.528204997	0.177133183	0.022396648	0.586401401	0.900105904	0.363659813
0.260582807	0.200253126	0.551112314	0.6560196	0.811389309	0.275232424
0.171937042	0.154357947	0.41744109	0.335063138	0.642780423	0.428494262
0.667605691	0.830103537	0.588024475	0.849490962	0.940901585	0.031406973
0.280527473	0.397795537	0.310578323	0.690748243	0.74649506	0.874695711
0.698094799	0.944135119	0.014308677	0.22244387	0.80261434	0.781724207
0.659118262	0.243484041	0.821614215	0.020400128	0.604539991	0.01334869
0.319523188	0.499637082	0.186506569	0.205456365	0.658983733	0.832195962
0.918112993	0.072500363	0.149974801	0.879196369	0.977103661	0.962770715
0.483360504	0.824143514	0.298868454	0.138001691	0.474560792	0.947448333
0.614207782	0.431103013	0.588814919	0.071730422	0.087222468	0.013114779
0.49059901	0.874932797	0.192996405	0.514092753	0.876057094	0.174219705
0.31663083	0.157384813	0.863003269	0.46749966	0.765583138	0.479327663
0.30559748	0.578831782	0.463106749	0.865487806	0.89789232	0.586130249
0.393684959	0.862587693	0.928266201	0.301573273	0.651230543	0.637920539
0.491449057	0.515047574	0.958629105	0.24305089	0.332913866	0.932951844
0.123951708	0.3860227	0.63337316	0.525233924	0.189648215	0.407119304
0.6271423	0.210939837	0.363064788	0.170410637	0.057763104	0.043990607
0.500283324	0.270121276	0.28252955	0.132126199	0.144624933	0.138003987
0.362057836	0.078253282	0.276886225	0.815965472	0.389886746	0.358012159
0.361530439	0.387766635	0.819223586	0.669693199	0.450151318	0.969325814
0.476709544	0.834947701	0.186226461	0.654571185	0.944170693	0.694824977
0.245147216	0.500759699	0.635428606	0.445769797	0.90759736	0.75323043
0.292875531	0.583784454	0.617800974	0.262856857	0.958170695	0.406167459
0.853608316	0.85887518	0.775116581	0.968684948	0.987160574	0.087663034
0.477393643	0.730390899	0.103810045	0.053614889	0.325086138	0.67567586
0.460308754	0.416974772	0.929404119	0.521256935	0.763589709	0.947370795
0.20592645	0.698886864	0.094889038	0.589868419	0.49927894	0.517339151
0.45410657	0.117154817	0.954343286	0.389626793	0.782765396	0.592308303
0.14750949	0.646403915	0.581931427	0.846727358	0.532249578	0.589488275
0.536644177	0.792708273	0.4187039	0.973487115	0.297460473	0.087873927
0.160938735	0.56915766	0.299681315	0.770834635	0.54099794	0.722374315
0.473251552	0.729671456	0.439394474	0.010814571	0.085703061	0.508571102
0.231212417	0.417657744	0.771700902	0.510665668	0.335541684	0.136470583
0.525514859	0.209064381	0.847010242	0.126147729	0.286159177	0.139329493
0.163944582	0.7956911	0.722238058	0.644167701	0.435133456	0.387124235
0.38731517	0.557522281	0.659120235	0.842016191	0.983970906	0.580715936
0.599099056	0.66523877	0.793948603	0.155234087	0.0142604	0.149364387
0.104459181	0.553759179	0.43744405	0.27072584	0.598910739	0.716306166
0.565021451	0.127031869	0.311443175	0.330425933	0.151299634	0.9810205
0.322149583	0.755526979	0.42868703	0.05192007	0.722319095	0.538002256
0.189395798	0.737883968	0.319791432	0.604464696	0.73925819	0.303778554
0.349273951	0.239907452	0.565700017	0.647712886	0.78060265	0.922090475
0.32213479	0.635287362	0.369308088	0.905585977	0.157561459	0.422228423
0.24932965	0.55816467	0.113201569	0.607297517	0.78735549	0.578044524
0.725324511	0.018125211	0.833968536	0.882632857	0.615506319	0.955840308
0.317050483	0.475554805	0.357279064	0.072851904	0.185631649	0.627171218
0.646781406	0.784764235	0.857635422	0.815739205	0.872957773	0.066042866
0.497773082	0.458991133	0.117527972	0.036066349	0.499066418	0.856806207
0.51094731	0.097309835	0.515185005	0.044067182	0.676435273	0.818462112
0.679027461	0.161051521	0.673321607	0.165523402	0.074100493	0.022849523
0.454895892	0.033234557	0.829221436	0.234930915	0.460432949	0.267391167
0.104091627	0.481795356	0.314708588	0.623088657	0.250936937	0.561654954
0.393876602	0.411885155	0.211717857	1	0.289978126	0.42554053
0.668487171	0.796526737	0.964410152	0.922522072	0.81618576	0.776710691
0.508599193	0.738406836	0.17247178	0.153626234	0.955746324	0.413094759
0.262040193	0.444433571	0.917417937	0.303401948	0.704820136	0.388786648
0.09729987	0.587382064	0.236916707	0.537638722	0.373818228	0.621466333
0.18921687	0.608099029	0.231996971	0.371078349	0.456382593	0.19340651
0.477711255	0.865704089	0.759725071	0.617211822	0.795988471	0.086177769
0.391327099	0.177213546	0.722672374	0.230982183	0.548554623	0.09709749
0.192318392	0.548528135	0.223701516	0.296035248	0.768378488	0.579110649
0.104785571	0.357597918	0.519578037	0.507906492	0.301127485	0.262206048
0.339189123	0.588536711	0.381151587	0.823632768	0.072644033	0.324833601
0.552259301	0.176297889	0.337396689	0.78438127	0.15978323	0.036445603
0.418699969	0.05246792	0.793701827	0.593866109	0.843018957	0.565202357
0.565317982	0.916545447	0.900895482	0.316003444	0.548517377	0.936176931
0.291689433	0.609087592	0.803822034	0.176725152	0.219070503	0.601963323
0.273956742	0.352084018	0.056705577	0.561242041	0.427888721	0.724317985
0.086496612	0.652506927	0.506717225	0.408992526	0.317733795	0.687236021
0.706314502	0.125462468	0.980836816	0.229205341	0.575050665	0.995862576
0.674016344	0.066277589	0.377518467	0.834668843	0.137670844	0.039431974
0.379604538	0.325379311	0.772173753	0.056516107	0.246962135	0.62479555
0.26838684	0.537831967	0.557197273	0.875150471	0.81892444	0.343127057
0.491201739	0.126222293	0.510717609	0.672823444	0.992445451	0.23276146
0.548997075	0.108918385	0.87682588	0.950932451	0.333553807	0.370916576
0.154564175	0.549763762	0.405558542	0.868595401	0.604075183	0.568981014
0.792279106	0.972463751	0.039513072	0.048670554	0.409191976	0.852016679
0.843899708	0.092341586	0.932178348	0.170072418	0.085577321	0.94025638
0.198879374	0.905864028	0.380969716	0.618752957	0.529786847	0.394982969
0.344234946	0.718868933	0.19031006	0.836539762	0.755866779	0.643964745
0.557446912	0.820947126	0	0.562826931	0.129218591	0.733458734
0.70552845	0.080501339	0.524435826	0.960718533	0.986903008	0.252528607
0.229079985	0.500915143	0.354618495	0.054842514	0.556296174	0.396393387
0.67588228	0.394345959	0.958479234	0.954471486	0.17850027	0.868818187
0.327921703	0.242895336	0.739292878	0.85999681	0.395082637	0.759728021
0.403127568	0.703308263	0.64269861	0.258652226	0.986754638	0.289684039
0.528671556	0.75463182	0.217079714	0.904636619	0.310219511	0.919761256
0.518894728	0.118675978	0.691299357	0.922719703	0.713747184	0.176280709
0.467196977	0.949165055	0.293461673	0.369383545	0.926216484	0.631056195
0.466876427	0.867599964	0.930186951	0.449848539	0.691016536	0.17352355
0.418134804	0.591962993	0.17379896	0.081888695	0.179940878	0.351215444
0.142143102	0.524516761	0.352574282	0.699446452	0.200952799	0.47949713
0.563950448	0.811759343	0.950938101	0.167767403	0.241144259	0.786588985
0.224876252	0.650356744	0.426483694	0.816680981	0.394907111	0.198332476
0.711600458	0.99070506	0.105440835	0.95224115	0.36554994	0.228175776
0.582540051	0.195017436	0.08798011	0.803928818	0.963353458	0.49370148
0.653809418	0.761326387	0.935616333	0.070516541	0.049967116	0.495266783
0.667195593	0.167350809	0.748821994	0.436030233	0.981659129	0.00438361
0.429995922	0.447614021	0.213969694	0.357859663	0.084565379	0.888038442
0.702136216	0.900876732	0.95264595	0.91432632	0.449924762	0.889419131
0.621274869	0.934006815	0.03075683	0.393666657	0.848844	0.757797994
0.287322418	0.349338536	0.617135615	0.190311335	0.736158381	0.180048069
0.56932198	0.535888303	0.938739367	0.900252935	0.179672067	0.829969194
0.29964866	0.778707621	0.271124608	0.726245296	0.475558086	0.846849488
0.473253364	0.841575171	0.33917024	0.951938129	0.809083492	0.653453595
0.473558344	0.541413939	0.351952246	0.768145051	0.999530415	0.151287454
0.372246607	0.823353014	0.347992541	0.139552009	0.83368275	0.524598914
0.172663438	0.3112164	0.660269692	0.716174708	0.770998209	0.515050235
0.251717084	0.508876664	0.379878447	0.049637527	0.644622672	0.6298245
0.331029513	0.181964593	0.779266551	0.314252366	0.356505327	0.183454323
0.229172513	0.082293873	0.525454957	0.535607122	0.735795203	0.546072788
0.043097647	0.710949002	0.424146875	0.570077368	0.527288251	0.466472316
0.253492554	0.694619311	0.737204796	0.536037683	0.623571659	0.113347199
0.54640248	0.376611367	0.417763063	0.204170428	0.009458754	0.935217457
0.133139459	0.489541136	0.694841593	0.522507805	0.26825754	0.269114059
0.611639185	0.198713347	0.874138687	0.897743249	0.69563031	0.920089919
0.388901348	0.710721317	0.528066374	0.217835889	0.006667645	0.357790784
0.087988929	0.506298513	0.528931932	0.384496379	0.214132562	0.427471424
0.452814467	0.95005446	0.192069707	0.783995486	0.539314777	0.241597075
0.387019738	0.58829634	0.550328358	0.142369889	0.976613261	0.640631304
0.697498509	0.813750354	0.039803965	0.868860411	0.333833032	0.045040187
0.381900078	0.802249857	0.29212615	0.674742782	0.040863229	0.570849613
0.614449912	0.145159495	0.462052308	0.928416827	0.914300118	0.844831882
0.282046106	0.418321232	0.449134034	0.323070661	0.387973035	0.017846299
0.531183145	0.644922146	0.991392182	0.870116798	0.809951768	0.680805925
0.479743237	0.443690939	0.881823816	0.095797771	0.598962343	0.895293654
0.822874294	0.999340783	0.242576044	0.835265879	0.017088231	0.126744353
0.396255851	0.063725795	0.460766256	0.198627575	0.596471431	0.18275124
0.636519042	0.933058545	0.572607641	0.011961825	0.316163576	0.89925063
0.574222918	0.185195068	0.916727652	0.110571676	0.710025061	0.186073819
0.296195253	0.463750131	0.27895675	0.556387119	0.011937511	0.589899196
0.139403853	0.838155738	0.474675549	0.659069934	0.410822374	0.530414901
0.387484654	0.556926511	0.030477899	0.767330231	0.238013556	0.649476423
0.59187936	0.18111378	0.181925545	0.306586456	0.955753389	0.863300517
0.253839912	0.417833357	0.237644236	0.27081306	0.176181672	0.341556701
0.471851576	0.23474704	0.964584528	0.31024561	0.855929383	0.352580896
0.391160533	0.871127291	0.096838612	0.421456579	0.640069086	0.251117349
0.376599772	0.098766463	0.543700826	0.492530911	0.264069612	0.898051796
0.492614624	0.327577464	0.760163114	0.176256329	0.198219078	0.943899934
0.716745362	0.29668533	0.031915109	0.621485326	0.074350595	0.995761455
0.145382853	0.323354247	0.176289887	0.502179761	0.422145511	0.390192915
0.524404982	0.244007084	0.217131981	0.033452861	0.872099535	0.611473235
0.659692304	0.570029434	0.103191696	0.42022432	0.021142651	1
0.380777296	0.762945445	0.039142047	0.503528009	0.212339538	0.376886941
0.162245106	0.370903883	0.337347393	0.559494307	0.210058519	0.702164559
0.169990068	0.525910546	0.450339356	0.368098134	0.611115788	0.88270694
0.528353607	0.895186806	0.50311102	0.606624486	0.980508608	0.152160061
0.608980655	0.918136264	0.959759116	0.35102236	0.412229826	0.93293285
0.391382998	0.933728093	0.892801738	0.488441608	0.718232297	0.554310737
0.581460391	0.092895331	0.483563274	0.776144914	0.946238615	0.859227324
0.532681603	0.775544544	0.782504413	0.65571095	0.006453844	0.825109223
0.600404481	0.142606346	0.792198328	0.055049568	0.345768965	0.105147267
0.388382753	0.260383173	0.393201329	0.875965318	0.830593543	0.757380705
0.294500665	0.452954748	0.911331116	0.577107929	0.699064601	0.792070559
0.341323453	0.09937418	0.504117979	0.310338176	0.879021066	0.479124884
0.250604014	0.392048399	0.270082367	0.413376448	0.646795886	0.098971083
0.367228442	0.212194119	0.586179189	0.27078313	0.924981956	0.293497785
0.280257035	0.337929915	0.977411444	0.605896652	0.60394327	0.613628757
0.170756781	0.53437216	0.64645915	0.149191082	0.678003095	0.45247614
0.620348656	0.395880242	0.516763008	1.21E-04	0.953990866	0.126539088
0.590299132	0.861693401	0.032310873	0.823115952	0.849284754	0.541439845
0.285025701	0.465247138	0.469977706	0.271024117	0.169171633	0.854784768
0.37158685	0.266439038	0.899787936	0.114369552	0.603361853	0.486416295
0.081287754	0.254687271	0.365378733	0.411596529	0.423440755	0.465912981
0.434184285	0.545594225	0.419093681	0.57459709	0.989223178	0.921358086
0.213469996	0.430700895	0.487936197	0.865025507	0.620358207	0.242148823
0.324106092	0.186676482	0.245184931	0.346114077	0.817595594	0.690882789
0.433747552	0.317589988	0.904132077	0.381027361	0.468301593	0.027951711
0.818738387	0.039366105	0.13884139	0.226013821	0.136194585	0.997827395
0.32523609	0.824919913	0.653170268	0.672294823	0.093994605	0.572007754
0.278666882	0.386893842	0.645644671	0.868862568	0.172494206	0.580283582
0.397683446	0.659552533	0.898077726	0.115486854	0.329218898	0.303455253
0.269326145	0.17268423	0.81464497	0.492334213	0.728379254	0.369399594
0.278193425	0.194265648	0.405461349	0.881382873	0.589266476	0.344645829
0.580040783	0.053943193	0.010645135	0.21122283	0.576078045	0.701329614
0.144512866	0.637998258	0.490774241	0.164591663	0.399135741	0.390122383
0.355600521	0.489974018	0.538347631	0.930655289	0.525030944	0.910905624
0.515865969	0.97119001	0.986275796	0.707760415	0.524688539	0.395817081
0.400456563	0.822956944	0.079615843	0.677983085	0.625595669	0.238284711
0.60674239	0.002320854	0.543656396	0.143748256	0.129751547	0.786115746
0.50700072	0.801050051	0.387463049	0.908579536	0.519984601	0.022294247
0.176700462	0.377397801	0.77766652	0.802642378	0.441821825	0.514174112
0.351239519	0.213719802	0.222829012	0.476283125	0.245976404	0.857746242
0.667547134	0.861740845	0.286777802	0.023940933	0.795427713	0.901981209
0.331754633	0.70581062	0.51495516	0.187058789	0.791301867	0.173361705
0.651395894	0.521278915	0.086431409	0.048972903	0.980723769	0.328623506
0.391678693	0.334004384	0.762281914	0.641100009	0.032632498	0.257682349
0.414385952	0.2850949	0.205038649	0.720001244	0.965502521	0.393195408
0.641448211	0.966741692	0.161358647	0.142643171	0.425664975	0.099231973
0.421447446	0.714346541	0.340336208	0.921620395	0.905978024	0.451868499
0.635933412	0.122708423	0.902603478	0.551086831	0.105508631	0.093721414
0.443369334	0.763543245	0.154358036	0.356810718	0.218858917	0.112053541
0.439561404	0.679551726	0.710286019	0.104793086	0.292452266	0.903590495
0.635823613	0.784749816	0.991896798	0.307885726	0.094726142	0.175828067
0.327413941	0.704352052	0.665993954	0.620641469	0.26952192	0.941717238
0.64070604	0.105266319	0.939310985	0.526203437	0	0.317232196
0.5478566	0.079989015	0.021141115	0.469014491	0.19152914	0.309330537
0.496928542	0.292312336	0.89726016	0.438267047	0.884092738	0.123612614
0.408087108	0.722049301	0.204736057	0.177408397	0.167471466	0.733474613
0.396729957	0.078023377	0.528728314	0.960593794	0.509260866	0.453926056
0.48029887	0.084911711	0.868415366	0.346306013	0.767062864	0.773468814
0.159137609	0.450052491	0.324786253	0.248103909	0.258584336	0.387176763
0.603613768	0.854632736	0.554457983	0.264088491	0.011328144	0.914168245
0.359722793	0.04928737	0.429459414	0.379280369	0.171823075	0.331354942
0.435928245	0.019831809	0.539763976	0.316082651	0.879121806	0.64625236
0.399640272	0.171368064	0.20014136	0.264708081	0.305377034	0.825828218
0.595982516	0.175533449	0.371186474	0.240418213	0.971965999	0.086462685
0.299652411	0.751984956	0.016543989	0.557519636	0.52406189	0.521653979
0.467259536	0.102349712	0.623812279	0.969339889	0.245267496	0.442497167
0.280367346	0.603761269	0.209384411	0.487452179	0.76890472	0.161023748
0.170017445	0.551747126	0.77256314	0.420284315	0.550200607	0.810094503
0.562963704	0.853788647	0.427165142	0.947159978	0.765082657	0.111595737
0.215240936	0.603966008	0.524425653	0.379881022	0.715011441	0.113220188
0.414236246	0.346113059	0.130039685	0.014777069	0.385191598	0.524303225
0.550690361	0.151709651	0.876297422	0.572348328	0.99665789	0.328251858
0.316638567	0.565153773	0.693710059	0.948760277	0.330483014	0.281600715
0.377696311	0.200309009	0.817910541	0.826621715	0.243478112	0.628203476
0.352737919	0.705682508	0.048754882	0.258449271	0.677230416	0.374281103
0.569542128	0.62370134	0.057381232	0.956666255	0.45791552	0.871295082
0.186191725	0.441327371	0.476024744	0.455211572	0.095164913	0.659458037
0.765477348	0.062329308	0.48183363	0.05916074	0.941186496	0.095836868
0.655583223	0.660650401	0.589651372	0.122450171	0.012324228	0.980240649
0.541037252	0.630954752	0.709926087	0.062189868	0.977719747	0.728838265
0.536794855	0.02291446	0.921180301	0.314788745	0.539700181	0.198734222
0.272018177	0.782326499	0.084879862	0.422597837	0.398669	0.417722622
0.257633965	0.313826735	0.482088902	0.659897559	0.220820104	0.14780628
0.324629295	0.617084062	0.716550609	0.417017438	0.823853667	0.105971696
0.884022698	0.127799042	0.033588122	0.968517602	0.795602652	0.059337261
0.562359441	0.97485868	0.148935735	0.300359087	0.786189556	0.217026393
0.205032346	0.102781743	0.49541804	0.618401994	0.563692247	0.312680446
0.393240683	0.198456922	0.305486568	0.836367501	0.878140776	0.434239472
0.35013908	0.765883095	0.152704001	0.676216791	0.142655036	0.511762429
0.087703173	0.589832486	0.801398077	0.486986457	0.443303245	0.530785466
0.668810335	0.673699572	0.950554566	0.882174862	0.023418714	0.733031091
0.344720053	0.464592729	0.105753616	0.392817822	0.273021721	0.855426072
0.42463389	0.794334098	0.503145072	0.213685218	0.647416486	0.981777399
0.37662105	0.794513588	0.387513405	0.478783583	0.060329819	0.789428643
0.471296654	0.951000497	0.177426388	0.609996459	0.686090174	0.168451794
0.635086022	0.165833002	0.075658446	0.868437616	0.938076766	0.520468585
0.343378275	0.303791471	0.07593666	0.226396303	0.721438749	0.510527909
0.747766866	0.271643593	0.989600999	0.808754479	0.862274415	0.035227755
0.283229066	0.853548615	0.240283101	0.585963637	0.732241779	0.677865412
0.380590929	0.313984585	0.352267479	0.476384543	0.050814253	0.152048601
0.369717066	0.068985779	0.363443014	0.634695793	0.567024541	0.876185847
0.350116086	0.987479943	0.547845027	0.521666477	0.463786583	0.17077224
0.305470588	0.810396557	0.758092409	0.124563554	0.55894021	0.543541018
0.481617966	0.860062439	0.814639341	0.720731229	0.052607901	0.455544077
0.35488415	0.028359498	0.677385773	0.470527311	0.188451483	0.566406277
0.264213051	0.668126596	0.328021594	0.115305128	0.506666824	0.748580564
0.540053804	0.17283437	0.372796472	0.710310086	0.879954082	0.032892562
0.463103139	0.737296623	0.863384964	0.707370496	0.575266488	0.975608555
0.410491722	0.740623865	0.866343688	0.068067736	0.331940771	0.566138436
0.498726967	0.865873258	0.984365843	0.856422586	0.472737832	0.475247173
0.62263945	0.156227301	0.254370517	0.014575294	0.23464878	0.14808656
0.324493087	0.417524858	0.301993898	0.716208096	0.062287944	0.705575129
0.253737978	0.978179155	0.485234473	0.626442073	0.612318628	0.502114317
0.246635432	0.537678147	0.118073398	0.302480502	0.712052908	0.639329326
0.423514289	0.10746262	0.2802663	0.07080014	0.408955097	0.653632783
0.556830839	0.846549077	0.261905009	0.827526315	0.993969336	0.632596715
0.329192749	0.811754343	0.389031818	0.464858337	0.031857501	0.46842375
0.51984417	0.256783743	0.859500824	0.756449602	0.956082486	0.270750188
0.352685862	0.171646273	0.228843385	0.766792147	0.277124196	0.723601948
0.189397234	0.369050261	0.664692189	0.304000483	0.162113092	0.453808513
0.689366075	0.19480837	0.996244164	0.172863781	0.579580813	0.977089771
0.229640035	0.326433355	0.527975446	0.112328791	0.486096916	0.268952255
0.31665318	0.140510952	0.705759915	0.670099824	0.679435899	0.795571717
0.624498747	0.02185443	0.922193277	0.18616247	0.8289471	0.467551216
0.880947423	0.114621431	0.966200046	0.984395331	0.779789528	0.927213864
0.655389821	0.174013097	0.083191576	0.803879031	0.975510738	0.70337039
0.508854736	0.075002815	0.990349615	0.547511339	0.44443607	0.216737583
0.303674349	0.486725498	0.956198267	0.180646686	0.49475488	0.523007139
0.777294767	0.064462841	0.214057972	0.958002411	0.901867606	0.165548268
0.403223795	0.528441863	0.473153427	0.047438216	0.639503651	0.918801132
0.398813146	0.757963167	0.820242999	0.706764356	0.931482254	0.466927306
0.384043386	0.313105899	0.99015858	0.825833758	0.57549209	0.526028619
0.394313854	0.446923918	0.527492376	0.693877177	0.063602745	0.097142755
0.568549751	0.137417737	0.52716631	0.065512981	0.491049759	0.013491173
0.486961557	0.054836558	0.754002173	0.740202218	0.292141373	0.846409318
0.438089223	0.173009371	0.581530702	0.076788847	0.670010956	0.165806601
0.044235018	0.374646335	0.690955789	0.46167736	0.481692833	0.421415258
0.471899598	0.357014626	0.196741855	0.866142989	0.622541909	0.952625564
0.598489559	0.36006131	0.044136941	0.990530094	0.805179541	0.655769726
0.151397643	0.734760983	0.667721985	0.452138311	0.249023428	0.620343247
0.596887405	0.842830523	0.950504877	0.677502081	0.983237664	0.566546815
0.25563387	0.329398417	0.359949368	0.792477518	0.325939092	0.191901669
0.215796979	0.841965102	0.453543207	0.509849096	0.373686077	0.20533572
0.456848156	0.251108747	0.063954536	0.308511181	0.217297862	0.21203918
0.147821565	0.380255552	0.348518062	0.244814514	0.586310687	0.716621881
